19
76
8
67
23
22
93
53
6
61
87
91
66
100
28
7
13
42
34
27
60
13
99
70
74
4
2
10
45
66
68
54
68
57
94
58
25
18
98
51
17
13
73
1
80
42
92
46
39
53
41
80
65
4
40
46
3
7
81
3
88
93
12
83
11
68
48
71
88
33
8
39
6
65
12
82
81
15
98
100
15
75
8
95
34
18
1
44
82
47
66
87
57
42
19
53
34
11
90
69
2
84
39
93
48
58
8
47
96
66
28
88
26
76
14
54
16
64
19
76
97
16
8
70
19
36
73
32
56
24
31
16
44
35
50
30
10
37
59
34
97
26
71
95
88
63
32
31
77
2
74
35
37
41
48
21
92
20
65
98
93
48
4
1
39
74
6
45
2
11
14
10
75
52
90
63
54
46
26
30
67
12
17
52
91
56
50
39
39
26
95
45
93
94
100
75
58
73
79
46
23
67
20
36
4
84
86
35
70
3
15
81
80
26
9
43
41
91
69
16
8
2
72
44
3
44
35
14
56
91
48
85
77
88
75
38
39
82
74
7
50
19
75
46
66
31
81
65
41
55
86
40
27
52
44
8
42
48
83
95
71
10
69
59
96
97
71
31
16
93
4
48
8
78
43
44
52
64
42
53
73
52
68
92
76
67
30
32
51
96
38
16
90
60
67
43
48
19
57
32
55
82
32
73
22
35
11
92
82
21
39
23
55
93
44
51
15
56
95
52
75
6
56
12
81
94
14
90
65
18
5
44
56
6
27
10
71
84
26
1
16
78
29
100
33
60
97
54
88
15
74
84
94
43
14
36
96
84
49
99
12
58
10
39
8
66
97
63
30
51
97
75
62
67
8
19
57
67
4
67
51
28
12
57
48
34
48
78
99
21
57
10
51
7
28
13
5
25
85
17
9
69
19
14
80
7
11
64
38
35
96
53
81
63
93
42
14
49
17
49
42
19
94
47
11
36
69
27
32
94
48
32
83
6
81
47
74
4
50
28
20
88
62
1
32
75
40
23
66
86
69
62
21
72
90
75
21
86
67
32
85
4
81
46
24
66
95
65
68
48
75
49
83
49
18
61
77
42
53
61
42
22
14
15
84
1
20
37
7
37
82
44
13
76
21
13
72
56
96
17
34
16
79
10
35
52
99
80
5
22
74
31
48
97
13
47
59
10
58
21
63
33
31
40
10
46
76
92
99
21
44
18
24
39
93
4
52
91
2
98
50
100
44
49
90
23
57
79
58
22
61
96
11
94
85
91
54
74
97
59
41
74
56
40
75
3
59
5
42
71
10
84
2
75
90
80
2
83
24
69
42
15
20
5
45
71
9
29
72
72
8
31
34
32
72
19
37
42
21
96
77
96
100
1
24
37
69
63
22
30
50
64
53
19
36
4
20
90
59
83
39
35
74
7
15
82
91
20
79
49
36
5
98
42
39
41
35
24
52
18
49
17
96
44
49
83
16
61
56
9
46
8
81
49
35
60
82
15
70
34
50
100
64
9
7
52
52
56
69
1
13
42
83
70
78
82
4
79
45
57
41
93
7
20
37
52
70
8
36
54
53
81
80
91
8
55
41
43
19
95
5
12
36
9
92
81
39
45
8
62
42
15
62
5
33
99
63
33
32
85
10
32
42
42
87
38
45
43
5
63
79
1
75
25
46
42
72
52
76
93
99
10
40
36
37
51
77
18
99
35
16
67
98
13
36
28
30
44
90
46
65
36
93
43
91
28
7
70
87
13
80
19
99
49
7
3
17
33
79
44
29
24
23
72
66
33
81
75
89
98
68
83
23
18
16
56
49
92
90
71
33
38
64
5
43
64
22
4
87
64
70
42
93
14
29
34
8
32
90
83
23
44
10
18
10
69
93
64
57
78
8
64
6
97
31
2
51
23
70
11
93
20
74
3
39
10
17
29
86
49
58
45
46
42
21
28
57
20
87
23
11
67
81
85
98
2
10
47
55
50
10
73
16
17
36
43
71
100
8
79
59
65
46
52
81
8
49
100
62
36
95
18
19
88
67
75
69
67
53
46
7
17
7
13
72
7
60
46
37
28
1
50
87
60
97
53
36
9
13
30
56
89
96
92
70
64
37
25
12
75
67
62
39
19
36
72
38
9
9
53
69
22
1
21
61
86
52
59
67
3
5
31
67
83
64
86
6
66
97
100
49
45
21
20
99
73
78
96
60
16
32
67
16
97
19
81
3
99
70
42
14
28
63
21
87
30
96
98
80
17
64
46
6
98
70
74
83
79
88
15
