622
192
365
392
109
895
555
205
329
588
901
595
268
255
308
462
454
858
360
727
801
559
669
539
755
643
461
987
581
727
335
172
914
525
678
103
586
536
237
188
984
911
777
322
432
939
863
370
156
647
240
470
465
800
377
507
102
716
528
126
485
800
437
375
157
812
5
351
639
970
429
279
463
768
173
276
190
490
250
398
278
315
304
560
213
333
40
581
997
943
199
408
715
174
239
420
663
776
770
678
755
549
963
872
552
462
528
167
902
787
645
48
266
479
826
534
628
367
761
335
977
907
840
152
503
204
342
77
15
695
628
381
848
800
752
190
770
627
906
389
975
190
465
889
305
315
310
913
416
213
492
874
314
753
981
357
40
183
49
249
231
105
395
669
412
892
20
520
140
148
604
853
779
164
741
625
547
718
651
359
631
360
729
438
784
881
150
9
32
282
48
135
365
567
583
732
600
96
997
56
655
939
540
847
960
349
282
488
415
913
441
593
218
704
745
868
362
714
497
75
605
75
35
769
442
433
633
980
380
397
533
213
579
936
869
178
823
24
438
79
302
844
200
944
240
12
891
762
66
700
104
899
776
778
19
318
758
774
375
499
376
650
483
615
144
98
900
872
328
574
875
596
873
782
144
27
347
461
831
625
878
544
746
648
377
785
855
246
576
759
108
363
563
352
784
110
85
642
875
632
483
863
337
537
758
487
114
137
841
634
774
26
287
742
664
100
127
357
408
849
898
43
53
859
271
639
683
218
644
344
961
378
183
90
574
996
93
512
718
788
612
524
703
131
516
581
953
318
636
400
85
791
226
771
132
491
250
822
436
755
795
467
487
14
981
863
956
671
752
665
418
707
434
458
450
406
759
606
941
278
94
994
142
800
801
182
888
442
301
622
915
137
715
835
12
124
14
967
90
89
341
777
376
70
204
13
160
450
246
848
884
941
582
859
611
437
135
237
330
882
111
94
769
845
387
761
488
276
768
826
433
609
974
473
447
501
169
565
216
927
179
668
199
481
532
354
837
92
171
688
929
426
26
775
421
957
765
581
795
487
387
967
984
425
497
632
416
144
467
969
618
564
492
682
229
755
263
479
475
526
663
310
13
674
972
768
143
154
999
190
510
987
601
399
287
328
263
927
226
287
816
649
142
691
857
993
14
603
449
411
493
564
561
904
910
674
463
890
520
413
51
741
136
225
24
929
199
174
591
285
517
970
593
279
645
771
220
801
523
82
880
966
868
92
554
525
341
923
201
829
375
612
847
874
337
98
393
614
886
651
75
659
625
681
758
328
990
260
492
27
883
462
469
831
191
368
370
22
185
899
706
680
916
393
284
788
474
484
28
77
63
583
41
25
279
356
159
215
658
286
320
847
686
697
480
871
62
246
937
34
323
763
388
411
360
530
761
475
834
945
673
655
751
322
18
150
902
148
995
530
136
506
625
764
685
721
65
589
394
112
918
922
489
427
237
167
234
865
952
648
633
24
120
20
520
588
574
291
846
959
356
201
992
942
63
539
791
688
495
898
714
485
19
606
117
484
671
732
610
69
727
347
784
712
816
787
249
934
781
31
160
607
680
333
570
451
489
420
380
429
396
581
254
716
142
797
871
740
920
529
641
182
999
331
358
219
99
213
898
974
374
675
819
122
528
974
63
721
569
982
757
760
510
367
863
455
696
927
37
221
105
927
22
307
112
921
587
968
655
193
668
693
435
550
191
522
579
739
670
505
397
289
849
480
934
88
700
485
593
989
601
166
233
862
993
614
682
460
167
599
989
32
374
140
706
81
109
269
867
957
671
921
342
662
352
303
420
983
701
654
944
999
707
262
130
213
874
638
596
549
491
432
28
673
376
961
204
108
332
277
310
59
659
155
508
749
818
692
71
700
114
642
671
997
729
183
274
36
762
747
944
579
574
539
590
933
43
638
449
566
548
441
950
654
1
757
503
453
32
23
577
297
500
961
892
509
437
512
498
492
832
373
316
431
897
672
769
108
126
713
928
416
374
105
409
757
913
577
671
399
401
960
280
699
962
723
464
626
758
353
522
149
269
317
809
545
867
799
622
293
849
100
635
105
817
829
968
489
620
62
91
306
334
544
645
13
685
873
515
458
853
489
418
750
640
441
487
384
588
872
21
296
53
774
64
874
653
388
258
146
425
27
812
383
94
333
952
213
859
185
372
605
41
154
610
376
753
210
685
901
788
291
958
567
353
79
912
218
746
240
265
199
944
50
690
862
409
336
673
683
526
268
405
996
266
331
409
819
728
153
709
607
428
136
545
423
677
655
683
962
193
361
859
224
570
378
13
998
471
241
327
984
270
99
716
47
8
685
248
509
766
396
365
503
627
240
13
595
265
742
545
881
249
869
265
975
541
555
341
839
97
257
859
548
217
412
610
197
836
94
911
985
610
668
198
684
433
113
251
753
134
412
241
312
867
405
595
73
340
189
969
922
566
734
798
678
809
385
663
911
781
655
302
957
548
994
256
663
359
789
427
137
147
105
948
383
157
521
81
553
828
24
162
343
550
778
21
391
30
184
187
677
572
680
445
82
181
533
322
816
772
674
669
700
177
789
347
941
929
521
770
621
111
332
225
453
954
939
67
38
942
115
765
773
327
162
251
815
420
740
150
238
808
466
153
266
175
336
852
163
151
622
368
589
372
290
659
629
305
755
823
148
387
313
415
970
632
75
449
861
721
441
530
585
460
4
942
66
173
146
919
944
485
558
233
482
107
832
243
503
131
441
296
424
516
745
191
362
231
149
191
491
852
755
455
3
183
647
757
973
211
219
438
277
293
979
6
124
589
799
720
34
817
428
847
675
562
213
886
766
330
486
213
690
126
170
421
425
361
669
135
498
410
924
335
105
327
283
751
586
705
327
337
134
209
134
724
117
532
580
259
21
995
712
371
545
166
6
196
582
75
93
729
98
433
923
971
165
33
784
883
45
815
153
79
44
854
654
527
141
746
846
112
296
290
897
408
321
677
415
747
455
27
623
854
564
256
482
514
753
789
545
476
316
896
843
434
492
685
68
976
244
837
307
907
478
669
563
654
154
602
613
548
519
156
179
173
633
168
463
100
652
667
77
880
624
467
799
394
765
104
904
910
865
211
627
918
248
54
981
323
355
269
952
573
340
323
433
165
144
232
796
833
438
665
110
408
600
56
252
382
408
902
906
290
317
894
766
151
77
756
567
752
877
478
80
303
439
786
201
271
651
360
8
320
177
409
819
420
749
576
801
400
452
104
34
428
319
150
285
351
158
784
257
628
543
414
245
418
663
264
51
211
807
473
226
210
490
290
596
699
519
946
112
110
258
356
697
524
464
322
110
461
11
841
667
761
122
268
759
101
116
405
1000
129
910
570
108
816
28
557
49
847
461
862
912
985
442
540
517
898
287
66
466
467
411
23
629
613
253
545
71
578
392
18
46
520
432
963
213
487
693
688
234
350
303
637
529
929
643
160
103
221
430
582
178
855
390
890
191
698
217
59
387
503
408
606
638
466
252
508
397
314
413
558
191
585
647
357
659
885
989
950
976
519
474
383
668
546
542
163
617
950
469
172
589
573
343
834
137
237
587
606
884
888
909
732
409
512
266
425
62
535
938
41
174
470
877
292
658
268
945
257
619
657
339
788
83
916
627
828
957
386
133
736
194
1000
389
708
590
211
579
14
794
525
431
22
883
571
967
909
2
949
471
749
893
461
560
425
879
468
484
110
892
889
689
155
447
483
620
909
119
185
640
382
815
8
207
878
805
509
783
683
622
252
249
909
48
120
278
77
816
364
627
664
484
73
927
966
363
137
627
455
132
452
913
864
613
872
23
290
94
22
702
69
501
882
198
171
210
516
277
351
101
245
864
864
727
156
233
513
495
498
225
627
214
754
503
36
581
509
130
866
581
732
44
603
990
744
31
431
189
415
980
864
472
23
954
552
596
400
860
988
225
605
719
632
163
884
922
91
101
814
102
676
81
153
232
365
275
12
180
975
239
938
220
847
568
274
450
727
515
30
939
664
770
236
972
606
461
754
321
996
230
653
235
418
628
146
402
516
603
294
868
557
602
324
237
4
789
150
463
86
587
318
771
52
179
437
337
150
339
931
493
263
321
624
154
483
701
930
27
991
822
776
648
321
733
399
142
424
671
771
826
484
670
192
303
744
330
689
958
487
476
801
405
253
324
600
971
728
996
608
523
39
380
72
255
873
535
177
223
201
350
456
699
705
299
931
885
181
241
512
770
841
234
170
666
565
489
652
53
400
193
635
641
219
789
72
522
983
130
955
409
745
258
566
193
997
762
169
509
42
455
929
965
293
492
431
987
415
966
662
97
443
884
357
382
403
161
398
769
114
85
685
268
544
427
429
284
1
28
424
808
87
347
630
993
385
42
328
561
796
437
940
286
961
645
700
777
239
673
642
106
123
184
975
7
93
721
645
133
820
279
105
590
157
431
645
859
360
892
260
916
243
949
304
61
755
37
16
107
456
867
670
136
97
427
249
11
736
605
13
228
951
148
436
534
98
282
