470
881
356
381
781
852
65
968
167
932
67
336
508
970
201
925
348
563
332
234
855
469
834
208
188
402
832
487
587
849
560
458
403
691
732
154
104
820
321
382
224
155
615
826
69
547
608
269
224
658
359
615
748
250
860
531
944
879
493
937
681
272
86
407
760
9
28
993
63
704
142
7
618
462
477
206
140
881
22
361
335
536
574
898
632
359
5
267
58
395
390
682
938
976
374
925
523
609
571
802
211
183
143
42
638
487
949
942
753
533
579
594
697
805
504
66
285
35
280
891
465
337
102
651
461
234
961
59
974
4
250
643
475
291
421
767
634
596
886
193
620
23
750
671
926
649
862
799
858
640
795
952
933
592
994
699
874
741
22
401
527
210
441
278
302
714
639
543
560
894
401
512
973
686
184
73
702
683
455
402
790
652
838
852
830
711
461
146
713
11
678
856
664
747
79
626
54
958
942
969
430
453
165
682
188
980
936
895
769
796
580
177
667
368
339
694
356
823
381
936
730
442
153
639
159
335
356
72
610
181
41
261
630
152
803
647
393
247
703
705
7
76
556
823
592
44
95
502
543
256
426
478
661
787
846
742
462
501
721
159
762
896
593
412
838
305
34
511
932
184
52
455
360
187
496
961
349
216
852
773
488
842
830
875
690
454
566
6
12
207
414
591
518
966
894
956
872
726
299
75
829
607
496
338
605
689
536
681
938
843
458
314
189
149
310
623
217
435
224
277
153
915
467
536
870
913
415
512
75
504
365
834
324
684
650
625
580
949
299
694
807
471
473
550
407
248
845
683
91
842
909
254
60
129
630
323
258
607
965
237
159
695
953
676
410
238
307
668
263
536
738
945
388
530
256
143
39
180
968
174
142
906
116
406
671
787
754
207
570
505
295
69
204
90
879
954
757
678
435
596
692
59
756
536
561
805
415
839
275
489
706
377
884
980
982
287
129
328
637
373
446
951
30
327
50
219
678
179
719
532
569
848
205
91
354
733
422
968
663
926
677
991
409
802
811
304
282
224
802
231
408
468
206
945
737
804
441
648
447
791
166
448
958
640
808
411
19
496
516
506
584
770
635
934
917
355
869
166
433
858
195
641
914
532
851
302
857
370
649
146
769
927
652
730
489
805
503
370
496
480
369
869
473
749
607
373
559
868
984
814
795
907
178
278
99
533
667
728
933
980
850
985
789
650
943
962
691
182
425
983
857
501
958
15
963
855
416
798
759
99
766
311
831
869
384
526
93
136
320
277
222
359
749
405
906
184
257
687
731
691
309
307
893
303
708
97
861
854
950
503
660
42
806
74
414
784
349
576
885
700
528
894
620
549
416
453
545
450
793
266
186
261
189
366
956
559
257
851
384
524
929
449
199
544
143
407
55
539
138
54
190
209
621
642
894
133
756
74
386
527
199
947
272
203
464
456
887
404
999
133
155
792
672
403
103
686
35
502
211
798
717
390
742
648
213
171
221
311
970
789
900
727
339
562
380
301
366
73
318
366
237
686
135
291
333
335
821
939
185
903
673
537
584
449
301
392
602
783
416
988
392
83
352
986
525
831
775
187
423
752
672
901
490
840
996
35
895
483
897
239
49
738
178
277
833
135
188
977
299
368
472
683
192
415
261
169
285
361
360
574
299
230
862
930
264
577
49
51
943
824
594
682
995
790
334
617
162
783
443
403
32
468
20
996
601
512
636
371
131
113
984
645
722
747
360
997
742
698
479
440
123
302
200
293
375
196
156
165
330
307
433
599
209
444
565
1000
682
69
580
81
23
399
830
737
21
47
125
644
628
426
645
84
916
365
564
23
758
980
68
145
232
281
247
884
757
79
787
918
869
287
150
714
601
419
27
424
818
610
909
809
2
571
12
942
938
733
22
521
390
518
135
790
526
554
532
811
750
975
237
446
889
870
729
382
257
725
343
364
642
651
257
587
464
59
755
286
334
93
701
361
40
769
61
644
771
246
193
91
780
386
412
128
606
490
422
357
64
988
417
757
782
891
433
771
830
172
155
165
846
102
986
49
621
887
958
329
55
677
926
596
117
153
911
285
412
323
429
608
844
2
833
113
428
786
28
615
828
612
900
938
588
456
820
481
27
302
576
247
370
670
914
894
482
772
511
852
67
816
901
30
334
445
280
722
302
528
123
769
938
131
85
277
966
51
868
783
676
639
846
877
468
786
669
482
347
323
859
238
931
83
551
679
255
814
390
256
490
813
589
809
857
139
446
167
990
823
890
13
590
106
798
475
5
857
425
551
864
5
12
234
660
810
114
844
310
28
898
89
914
73
91
238
191
162
360
903
266
139
829
851
83
30
409
610
165
915
203
685
634
908
201
104
46
886
583
668
882
593
949
215
93
475
13
792
70
82
611
789
468
641
726
207
377
93
758
929
269
32
821
933
775
470
531
496
409
702
741
527
805
131
863
169
610
692
298
295
300
129
390
978
867
239
108
923
218
861
869
625
931
480
351
502
785
252
746
299
206
620
629
725
662
387
599
32
883
132
915
108
139
960
530
165
335
278
527
231
493
23
872
664
136
34
121
528
214
933
765
16
187
270
79
727
485
225
221
195
159
707
87
910
593
278
503
358
272
909
97
593
610
619
68
96
933
975
786
612
992
547
613
391
242
789
178
925
985
629
738
130
822
528
831
149
584
445
188
341
982
718
648
99
121
809
172
513
200
551
954
745
566
780
25
785
785
745
39
637
628
703
566
550
552
517
186
665
15
171
873
747
833
559
572
300
634
640
998
353
187
50
562
847
295
138
842
565
370
514
565
649
557
902
992
781
325
24
681
227
541
825
719
215
489
26
750
445
597
746
74
530
204
192
802
303
61
11
311
411
843
671
685
904
901
804
945
929
557
442
171
299
196
591
294
466
518
981
158
404
282
645
265
340
629
736
889
656
655
448
89
852
654
298
46
738
2
103
528
178
889
131
233
735
299
541
341
298
784
952
955
515
873
210
611
85
973
643
296
610
85
544
936
423
618
745
161
488
117
151
718
719
631
419
771
625
82
866
709
521
984
813
630
578
234
201
559
383
276
913
822
333
343
821
91
204
79
797
493
345
22
582
899
592
624
673
408
216
993
880
422
255
644
98
694
248
750
497
966
161
714
514
452
386
869
381
131
891
749
278
531
502
174
987
630
613
845
230
328
149
1000
245
911
467
429
385
380
413
715
564
23
428
294
382
34
560
319
449
39
189
939
747
91
773
243
5
343
679
564
162
973
294
447
514
480
365
764
680
783
121
946
752
403
431
322
724
367
272
798
137
208
113
27
734
476
440
118
701
344
997
887
45
804
453
431
823
842
5
975
567
184
117
636
302
114
34
470
254
347
168
392
909
669
224
221
37
247
943
136
187
646
15
52
959
80
50
262
963
349
755
688
296
190
304
263
270
107
645
472
650
823
522
102
348
631
161
327
657
291
648
616
767
604
566
829
951
311
740
701
80
528
760
358
154
899
282
989
135
438
681
201
329
203
838
217
160
405
108
986
402
681
389
325
560
511
489
121
575
265
107
725
668
548
476
576
164
732
44
189
195
340
173
289
211
150
779
167
399
480
793
438
512
121
390
481
344
538
936
359
349
39
127
292
880
680
669
464
87
835
580
919
400
453
162
272
719
889
401
137
10
752
25
220
498
498
569
515
941
259
139
113
834
449
9
276
684
677
421
509
651
376
741
754
55
56
766
751
14
132
992
992
56
988
387
234
610
28
8
843
136
658
107
782
558
102
583
531
704
90
819
263
624
82
604
184
816
534
419
620
993
382
768
811
187
133
543
217
62
184
250
328
761
593
391
830
16
399
916
131
915
720
336
878
973
938
411
680
995
751
97
681
518
399
338
425
705
234
934
738
879
694
1000
284
535
325
392
553
978
227
693
131
647
703
451
106
172
952
329
930
719
906
550
260
493
968
774
812
500
284
79
195
748
845
121
238
68
64
285
615
714
267
604
499
650
814
420
763
963
387
455
302
541
375
148
55
560
665
306
467
346
914
42
358
399
414
709
934
550
586
558
744
697
222
192
186
725
542
115
265
291
299
812
148
598
407
730
593
789
89
96
566
140
397
200
754
526
968
484
101
62
379
243
733
903
589
234
362
559
942
417
325
371
769
888
36
376
426
289
233
830
97
767
501
129
877
472
351
99
332
863
377
36
802
685
508
347
584
665
410
498
551
285
557
389
901
27
751
19
263
56
169
993
568
568
880
451
209
322
340
52
890
493
387
791
855
539
62
247
518
581
162
700
472
223
874
31
822
574
987
257
855
807
424
167
407
210
759
824
585
62
355
825
281
110
739
1
715
5
452
785
656
310
898
983
522
48
253
723
917
32
729
704
81
935
390
903
309
101
946
625
375
781
787
828
633
451
722
688
198
596
100
186
589
573
651
745
157
119
572
159
594
65
338
97
694
838
987
27
995
273
393
814
352
342
396
508
403
411
838
301
991
367
264
642
398
17
363
274
168
876
473
236
588
34
460
756
85
231
39
633
673
759
804
239
935
226
542
744
535
46
809
336
959
454
494
849
954
987
963
212
827
768
962
121
819
994
425
657
591
367
898
18
342
982
100
99
410
920
882
689
764
877
569
713
373
2
480
238
154
985
131
853
511
858
417
720
304
625
240
128
884
352
516
982
563
758
647
484
9
224
438
767
83
583
272
167
610
770
973
747
150
213
924
311
4
450
509
135
547
608
664
616
579
297
982
61
847
672
31
832
837
18
67
601
276
4
517
324
221
526
324
510
885
799
916
584
497
929
974
47
843
14
675
923
701
394
142
830
35
395
50
704
406
959
689
321
150
213
584
462
935
351
183
472
327
797
901
793
55
526
219
568
745
75
928
735
609
148
981
531
222
367
186
11
99
782
593
789
1
137
40
910
584
404
333
9
701
193
582
177
686
713
646
546
828
255
295
93
376
302
548
442
297
117
669
91
245
999
129
142
686
472
367
188
407
621
622
768
255
899
414
98
965
810
790
100
229
411
864
924
177
520
721
348
636
940
413
558
275
435
483
716
85
538
492
95
52
482
962
135
797
753
71
266
484
914
251
856
803
326
475
742
133
403
518
233
406
988
81
454
798
761
205
119
333
584
327
625
577
84
401
996
621
293
904
282
100
432
765
868
967
249
344
713
236
934
713
120
800
878
481
705
829
121
145
927
591
785
1000
352
907
762
283
976
282
446
481
330
453
85
61
769
625
51
975
590
349
873
220
467
801
921
709
520
489
44
750
987
42
550
320
741
149
933
553
667
426
141
353
482
214
672
305
87
8
836
784
245
280
293
14
536
114
589
4
834
842
65
67
116
431
142
613
72
277
323
985
932
885
393
522
466
768
233
194
693
837
636
171
206
479
809
439
792
538
514
360
865
823
32
978
634
454
57
352
817
443
206
188
373
588
218
203
289
907
424
257
357
855
108
520
817
263
581
367
203
826
561
217
483
776
874
426
365
902
951
761
495
672
166
371
556
183
792
293
384
757
678
620
421
63
139
360
77
131
385
574
473
289
449
229
681
455
293
955
333
287
409
745
51
164
561
572
858
877
452
438
71
161
970
244
894
788
545
737
571
449
470
364
809
32
899
501
35
713
308
709
601
682
710
726
246
222
369
897
551
903
229
735
486
829
124
690
592
79
303
149
539
761
931
177
156
647
21
353
777
889
12
896
202
415
526
506
261
863
38
816
483
981
852
496
421
882
973
349
298
776
316
538
37
252
177
981
963
517
625
89
490
885
743
92
673
69
762
171
331
438
166
867
701
621
207
482
483
543
660
676
534
510
416
298
545
514
391
648
876
283
447
694
880
549
220
402
747
557
713
723
111
244
827
185
759
130
344
899
705
517
177
729
554
401
900
340
126
242
605
810
583
144
613
366
1
602
171
64
971
743
371
145
608
680
172
737
943
66
543
941
471
843
524
163
887
131
223
719
197
77
91
3
510
21
253
523
798
940
869
151
856
818
889
636
183
859
434
557
278
782
706
782
517
202
14
698
261
865
233
245
599
530
506
828
47
393
119
563
567
330
433
799
113
462
881
78
84
997
852
44
59
349
203
744
699
753
270
654
676
334
779
405
985
58
745
947
91
765
425
568
491
717
759
977
263
684
358
334
911
949
282
430
784
168
330
665
760
689
229
183
867
751
563
671
134
452
784
626
274
665
13
65
340
148
56
787
26
444
21
252
384
980
821
11
987
662
309
835
30
218
370
501
76
127
292
731
709
449
144
727
500
876
491
101
768
152
75
863
626
29
272
824
574
529
179
451
406
744
526
989
723
347
485
960
509
492
291
721
725
656
424
180
641
206
553
870
320
288
648
204
254
216
670
562
978
909
310
942
47
117
60
79
176
29
678
208
879
903
586
225
855
91
1000
512
536
489
897
315
356
133
384
105
912
572
704
194
908
839
14
581
119
510
688
505
76
391
62
725
634
439
664
579
819
407
329
82
298
114
842
596
659
831
202
536
30
690
788
593
28
912
402
526
637
907
577
651
233
898
132
127
725
436
637
32
761
206
642
84
312
964
709
785
63
701
334
688
545
418
804
917
426
663
362
2
51
619
591
349
109
957
625
791
610
24
82
814
176
656
483
309
391
173
672
474
358
471
325
193
897
163
256
239
5
502
94
834
79
910
290
415
218
849
587
227
175
352
502
374
146
404
244
613
626
205
374
167
617
743
493
443
261
821
646
848
327
474
111
676
178
606
163
577
494
29
916
549
885
831
562
377
941
667
558
220
840
245
380
121
800
58
777
198
551
82
569
782
302
37
236
554
540
321
89
83
225
827
748
163
636
659
388
933
114
141
904
882
360
37
956
38
291
299
814
50
181
119
382
995
195
823
69
18
861
391
413
93
285
976
833
311
828
828
270
372
641
625
539
255
483
580
989
71
521
288
166
191
72
207
70
421
389
799
291
990
572
481
405
984
968
390
701
136
132
283
888
700
849
791
798
291
777
899
367
820
580
489
96
109
576
567
314
678
926
414
125
989
610
742
267
650
156
549
191
773
421
64
688
447
188
793
561
543
546
41
371
406
906
7
484
429
621
986
490
669
428
916
875
598
112
119
359
365
79
180
920
264
71
698
208
52
224
580
252
393
293
79
208
91
292
354
755
837
334
502
132
905
873
800
853
3
20
812
735
151
626
116
351
712
730
274
215
707
878
587
376
290
332
644
782
125
954
681
108
86
813
947
706
188
122
898
452
683
710
580
149
18
36
61
724
53
14
831
406
515
190
347
980
819
173
553
158
507
387
781
591
529
424
178
371
765
930
451
143
790
600
904
745
653
135
894
360
823
275
506
636
102
88
575
888
858
833
486
95
380
49
621
29
652
40
539
448
564
632
875
407
700
536
823
897
191
169
903
353
622
600
923
457
235
83
85
773
121
296
610
513
874
442
810
557
937
268
933
952
729
683
689
803
229
944
634
839
522
971
17
113
882
118
729
349
434
113
637
850
455
353
117
797
636
959
827
623
766
918
289
827
924
429
590
435
721
910
193
802
213
493
804
360
171
389
364
185
436
392
864
111
467
462
689
489
922
880
561
220
357
836
22
177
421
564
681
487
353
794
74
643
48
807
471
125
585
245
525
836
423
329
574
397
671
117
99
296
508
836
844
883
989
608
109
571
317
136
939
920
899
230
416
217
795
105
171
984
589
21
932
799
796
684
446
554
874
551
614
615
154
813
843
228
774
784
782
968
82
619
516
237
504
280
609
468
134
930
392
57
477
255
328
264
635
568
801
513
252
964
984
312
532
681
902
648
424
188
64
792
173
532
435
558
841
818
70
108
265
715
564
545
611
521
250
353
541
447
902
279
277
827
57
874
530
433
775
149
251
846
468
628
31
282
128
476
948
146
6
706
68
12
994
423
717
132
489
882
24
671
118
870
21
350
634
485
788
645
851
446
863
588
65
987
774
702
437
966
467
841
882
829
871
725
160
515
357
600
94
825
582
249
225
381
924
707
75
794
858
549
397
168
236
680
415
78
508
136
607
244
332
982
953
902
987
110
415
886
385
709
441
856
157
469
174
453
722
579
763
72
277
960
619
885
178
656
408
267
551
656
225
375
849
619
964
347
174
78
518
215
795
746
625
807
911
810
21
804
751
686
874
824
563
120
597
84
329
21
882
620
137
613
120
198
385
534
219
214
177
126
870
958
874
968
767
436
986
338
999
164
179
412
538
944
150
547
820
725
161
550
773
360
785
17
927
633
676
552
509
247
653
638
814
883
45
136
314
969
440
235
748
109
775
181
745
26
452
722
648
81
979
757
970
176
390
762
756
377
753
697
186
652
776
350
263
303
262
511
434
21
80
574
779
758
137
384
207
590
871
405
384
39
453
120
688
379
138
793
55
972
250
729
860
263
404
654
840
610
612
560
89
673
162
243
13
7
930
686
893
850
717
547
205
728
785
392
169
281
124
246
449
205
166
912
160
144
840
221
810
202
711
554
493
396
390
554
777
600
419
487
866
416
824
686
694
122
309
293
602
819
660
608
970
241
797
781
513
981
371
453
309
329
79
428
190
358
452
402
40
58
234
387
144
591
167
708
540
207
427
47
813
623
810
417
289
722
271
841
60
464
735
28
880
782
532
695
677
656
252
340
178
211
537
26
532
144
242
622
910
46
369
382
42
256
782
935
951
671
853
796
276
136
883
51
244
897
718
531
10
848
606
969
206
206
87
779
632
466
992
860
541
552
737
225
393
739
304
939
444
584
333
926
887
774
751
441
224
323
886
920
36
352
82
311
13
728
780
991
68
413
275
133
881
108
426
81
688
722
17
165
358
110
872
943
877
545
187
544
589
251
114
278
92
352
232
974
198
547
807
510
720
770
466
347
249
946
700
582
546
316
79
628
1000
600
694
830
792
849
559
750
210
722
315
828
537
887
753
992
698
670
426
688
490
479
390
220
837
379
118
704
837
561
563
538
240
791
160
773
429
710
611
645
136
782
2
459
292
461
91
443
392
490
28
845
77
182
549
129
551
726
610
623
226
890
758
917
895
425
388
762
846
617
143
627
54
25
517
867
996
738
911
65
33
406
533
340
431
447
968
266
860
619
703
714
400
734
702
678
420
560
404
222
123
217
867
984
61
891
270
484
386
615
326
944
12
130
533
199
760
537
47
15
951
538
454
930
303
149
581
621
447
332
526
848
668
87
712
358
661
362
35
174
149
843
663
288
898
454
612
20
602
108
242
807
646
204
821
423
673
888
329
594
714
419
444
74
72
265
52
275
693
200
654
376
767
638
465
427
899
179
491
836
978
512
154
964
873
952
61
313
268
630
868
404
363
279
141
66
791
185
249
617
478
12
798
964
277
681
958
807
862
184
720
950
403
798
365
692
273
126
262
760
104
751
260
909
714
447
201
497
2
975
109
150
207
183
739
312
209
506
117
998
44
430
684
404
250
941
909
552
590
151
112
124
222
252
859
851
960
4
575
543
137
689
658
459
177
640
349
301
115
652
597
686
572
883
599
204
850
541
32
456
975
994
900
804
454
900
160
95
701
109
745
580
723
545
134
551
628
391
795
314
338
44
808
144
519
825
514
400
553
967
736
971
989
936
976
633
887
87
179
625
176
466
94
24
241
990
995
788
207
989
847
705
479
540
301
531
828
152
843
238
271
210
164
251
831
799
526
483
401
365
76
544
33
555
766
722
730
97
376
880
666
64
408
560
162
459
916
665
84
230
532
6
941
958
979
566
110
489
564
962
134
519
531
310
330
937
577
99
487
633
628
660
934
491
143
240
570
746
637
408
47
509
660
658
219
59
991
77
305
686
244
645
11
492
672
497
992
715
336
243
599
830
625
848
347
523
82
841
607
808
968
49
580
285
138
952
88
826
527
528
73
380
245
614
219
389
307
570
358
74
521
282
179
545
614
748
880
658
858
659
970
749
558
460
491
860
176
386
21
962
363
550
710
877
615
451
196
8
228
345
938
973
909
312
827
97
363
552
382
239
167
798
147
65
573
401
230
852
117
190
49
636
723
665
919
24
465
477
710
847
444
990
116
684
572
932
702
734
88
571
644
386
306
793
881
949
630
216
346
956
601
797
461
407
47
975
276
982
277
980
250
26
409
560
149
791
255
480
221
864
453
238
563
300
169
221
941
56
25
904
874
877
636
678
801
67
991
705
535
222
58
287
864
432
564
232
5
191
228
26
591
360
570
569
211
956
950
626
887
898
39
586
412
166
526
811
636
32
660
967
85
528
720
696
87
41
30
767
755
787
365
915
277
485
72
4
299
410
439
288
766
220
934
430
504
151
711
370
862
951
140
457
961
924
471
701
784
829
909
346
112
99
368
690
766
199
733
799
716
263
30
759
418
461
888
564
567
8
927
36
328
95
200
526
601
587
119
375
770
165
755
740
499
424
775
937
571
927
82
97
685
426
713
22
476
917
828
932
961
154
510
993
442
969
592
880
85
932
537
222
958
344
335
300
909
600
721
670
995
948
96
395
375
587
778
639
828
653
361
597
381
620
396
161
635
467
285
573
134
456
731
250
211
126
864
569
509
318
942
714
831
775
197
845
361
283
112
600
385
588
81
512
467
446
586
963
596
951
925
550
412
429
470
202
490
895
544
140
412
735
701
325
431
846
795
183
324
825
203
402
316
106
27
214
501
753
678
793
805
405
146
107
686
205
195
863
707
36
22
29
834
165
168
799
402
763
744
265
655
837
371
276
580
55
223
356
401
204
337
545
765
43
795
659
133
448
104
682
101
788
162
300
862
927
38
632
609
53
118
66
315
255
1000
496
930
372
605
21
727
544
828
620
236
11
167
744
568
596
535
913
936
624
44
209
297
118
143
359
243
477
204
452
976
792
842
996
373
528
861
104
448
291
782
386
771
612
776
784
984
939
886
12
198
175
428
595
810
681
379
485
449
882
970
101
181
775
713
521
174
84
127
852
707
511
358
482
410
79
349
788
244
773
391
477
428
1
826
883
946
872
707
482
699
884
903
118
651
5
29
783
621
831
523
170
753
115
854
518
520
571
62
884
621
704
649
466
197
358
430
689
192
955
453
94
720
724
637
190
441
896
270
230
329
489
81
82
242
24
93
604
958
944
307
87
795
190
555
484
863
431
416
677
909
275
778
801
496
337
555
895
88
410
285
46
867
170
353
428
5
5
570
821
603
214
692
535
85
694
839
931
274
795
641
167
96
255
906
586
804
355
489
391
463
51
216
686
362
987
36
239
747
370
775
289
128
862
273
178
451
993
132
15
303
491
479
830
930
327
662
634
212
570
255
496
847
865
344
575
735
139
344
597
579
440
331
328
693
527
858
161
263
174
