414
820
644
624
353
703
329
870
196
86
608
286
348
111
504
700
325
323
96
244
14
824
954
133
677
592
948
51
255
412
91
63
51
422
8
730
792
149
144
399
299
834
823
985
494
51
68
510
997
453
979
106
250
151
935
830
300
653
462
363
420
266
170
346
40
554
492
341
123
87
836
243
932
898
766
832
958
364
455
659
936
310
561
749
414
878
468
62
728
522
557
282
850
666
27
652
572
65
975
10
722
884
188
633
358
215
56
170
596
140
737
37
903
341
83
37
106
164
425
333
338
889
595
617
242
572
135
64
439
307
130
144
645
566
464
114
441
689
331
271
17
50
17
380
720
267
345
530
607
826
855
690
176
176
726
639
580
135
837
667
265
600
117
687
164
203
498
5
573
31
488
872
507
885
647
663
45
544
706
949
179
32
445
261
52
312
358
244
993
788
654
863
738
535
423
903
535
292
295
242
746
387
214
868
571
790
317
478
132
364
711
941
767
302
292
950
908
193
692
561
359
155
209
131
914
673
256
825
695
912
810
465
88
171
221
547
698
565
888
425
303
423
1000
83
603
276
364
509
986
754
183
645
240
444
607
496
145
846
386
108
794
33
329
235
255
304
479
198
55
826
867
184
476
153
467
413
528
249
572
931
893
133
848
176
411
215
520
292
151
318
66
872
201
973
548
815
39
906
746
732
25
612
396
980
173
721
35
133
900
334
933
592
300
200
423
299
167
683
563
865
484
161
115
630
37
173
108
86
993
137
38
757
978
781
27
349
209
800
110
603
64
299
638
106
249
636
203
389
414
649
993
175
297
415
602
125
796
193
985
470
339
356
164
578
961
611
721
369
536
798
429
109
509
264
752
171
75
17
509
142
111
33
937
957
268
855
394
493
496
713
866
937
830
197
187
658
774
663
78
434
634
627
215
173
474
933
283
562
482
495
916
790
362
411
468
259
982
994
73
799
367
533
8
999
587
26
197
157
128
456
337
247
119
166
485
939
182
202
574
296
470
654
25
422
255
407
761
673
320
848
319
802
323
804
914
14
560
948
839
395
489
328
146
825
439
801
510
245
3
14
681
236
175
117
996
357
630
837
169
104
760
937
533
190
491
567
657
584
999
802
483
389
1000
502
795
190
338
418
587
629
56
970
765
326
29
709
940
540
703
100
684
766
616
749
139
580
983
214
484
925
54
934
57
82
789
785
977
217
696
642
571
786
445
254
394
750
832
294
65
146
978
181
705
422
31
43
656
746
591
257
820
27
639
190
745
579
665
410
31
319
689
65
39
109
186
474
311
541
448
936
68
743
639
488
504
373
748
12
21
931
859
328
425
428
337
619
754
679
954
657
467
226
94
550
127
149
47
285
365
42
574
202
669
363
550
245
299
5
577
424
265
532
243
410
2
511
492
310
84
878
129
229
901
209
285
931
994
154
476
1
579
373
504
398
611
199
864
99
407
245
693
711
909
879
951
145
663
901
816
548
224
64
414
184
126
852
703
78
288
532
137
52
386
199
368
98
663
602
875
516
559
566
568
113
33
227
871
987
626
69
853
664
222
358
482
928
574
516
389
296
219
156
678
991
322
799
124
847
153
156
864
846
888
519
42
69
972
529
875
817
48
567
747
184
149
735
219
990
316
408
213
929
249
57
427
954
866
461
102
157
591
70
328
330
941
432
19
525
550
895
283
562
964
419
706
910
798
171
963
786
369
280
881
521
866
428
696
732
139
18
388
348
124
15
441
24
900
945
771
159
920
135
632
344
44
802
770
840
56
35
264
316
316
893
696
887
351
923
14
703
900
381
976
939
846
823
901
639
822
547
867
156
490
985
672
97
904
363
115
15
532
390
660
3
990
390
257
581
239
360
587
129
781
774
689
419
878
23
547
9
706
197
241
436
155
339
836
878
497
599
677
210
625
460
366
553
254
923
70
121
91
251
609
395
128
198
646
316
667
838
738
316
424
472
894
422
140
559
77
631
719
548
529
403
528
166
582
628
989
188
166
836
723
498
718
5
619
732
337
126
614
116
516
865
490
490
658
739
925
629
489
420
337
333
341
840
921
354
187
941
643
194
177
718
278
471
540
279
878
1000
81
849
214
170
368
312
821
917
734
820
477
531
690
661
296
311
315
42
275
803
47
860
839
796
335
30
621
234
377
496
402
402
262
221
916
6
534
201
516
729
384
295
92
643
207
889
179
228
785
961
86
214
241
104
842
91
936
310
407
473
287
217
327
723
632
945
727
795
166
195
773
444
938
764
555
269
320
993
443
834
153
821
644
989
65
515
91
22
644
292
317
342
237
658
964
450
7
766
216
630
168
80
968
664
859
405
674
871
220
749
719
428
417
350
186
151
727
283
131
77
187
985
54
688
179
923
33
224
804
396
135
305
892
222
118
997
674
288
280
147
389
821
280
151
875
11
587
493
724
257
681
288
357
365
347
752
49
932
592
388
269
515
99
235
138
878
879
433
977
527
766
952
682
689
38
925
726
237
901
661
694
101
870
1000
851
911
180
237
695
261
407
206
715
843
677
604
691
192
82
670
959
504
243
535
475
720
80
214
466
732
744
769
262
903
697
868
355
841
864
239
717
837
118
878
54
67
764
221
13
659
664
787
412
36
152
374
824
172
366
328
886
168
989
89
268
566
339
92
998
873
664
86
163
709
6
757
567
844
745
821
553
361
504
641
960
442
885
344
1
651
497
821
452
489
836
355
537
883
844
185
901
464
403
963
529
45
526
434
828
870
795
605
976
800
355
631
59
852
929
10
495
118
17
628
155
838
668
929
35
534
667
202
318
574
698
821
527
133
775
349
15
809
115
395
392
297
377
237
461
520
492
638
776
188
806
158
588
400
966
403
20
15
905
279
339
363
884
469
622
613
721
719
134
61
161
17
363
596
369
715
590
815
111
883
229
295
455
433
173
327
697
295
890
14
597
329
883
30
858
409
420
12
507
71
27
761
412
919
199
488
307
402
630
1
274
865
223
525
660
23
935
739
622
751
567
499
120
575
701
513
308
379
282
211
918
245
133
318
908
475
126
423
504
177
901
382
564
97
108
319
526
272
730
564
524
147
882
861
25
553
147
714
409
971
785
442
145
625
724
877
410
63
119
735
984
464
252
765
286
322
918
5
333
603
710
393
676
553
651
613
505
112
868
42
361
7
183
361
253
908
136
780
6
146
834
345
410
1000
665
160
535
676
667
727
696
984
932
860
910
131
673
851
696
107
648
409
158
705
950
672
482
101
72
179
504
421
911
293
551
600
725
845
200
224
285
53
943
695
746
99
849
344
662
327
301
778
567
926
45
745
309
503
943
989
302
660
270
511
669
739
119
857
777
837
425
725
986
134
276
561
570
679
69
977
313
609
505
605
73
515
833
965
395
565
692
203
962
77
699
968
950
730
465
673
68
888
609
867
900
11
301
485
722
744
244
813
538
920
827
149
446
294
47
135
98
923
122
151
714
791
437
736
738
667
581
730
677
485
945
499
602
308
498
147
52
333
531
28
465
837
196
513
30
888
778
950
217
65
569
785
359
130
388
760
767
535
332
323
982
158
416
699
652
73
524
539
7
64
117
494
902
592
483
114
1
889
368
571
304
295
776
138
761
926
786
839
222
740
294
525
726
97
495
638
594
402
443
966
867
519
208
780
410
697
665
446
672
160
721
781
591
572
824
553
384
747
348
6
735
274
378
183
484
303
213
17
652
814
422
276
279
483
804
77
995
392
894
247
881
303
695
596
830
674
272
383
525
896
53
451
690
19
673
225
898
976
323
398
730
415
805
395
189
780
162
577
346
196
425
101
69
652
471
424
149
31
249
594
542
182
202
296
384
437
442
892
207
588
672
36
788
195
345
261
140
969
794
865
136
519
458
670
813
280
27
370
964
196
595
396
165
917
54
589
95
881
286
734
19
346
293
115
394
499
434
657
508
580
539
684
787
423
834
628
679
531
291
465
603
73
21
613
416
381
959
72
321
591
516
314
238
427
850
284
637
790
872
912
269
411
958
10
101
21
33
959
677
949
287
438
611
685
879
843
225
358
757
651
4
623
781
805
600
48
422
582
51
654
562
896
231
231
170
212
164
384
174
725
574
349
758
639
514
178
931
464
278
367
545
926
74
457
441
625
442
87
186
746
389
793
352
563
35
80
16
817
210
98
786
768
737
53
240
422
521
814
342
467
633
666
211
423
138
156
959
805
698
1000
573
670
852
264
731
105
383
198
199
353
758
705
805
240
904
811
830
531
361
442
923
853
713
549
434
64
787
906
208
153
369
213
504
948
854
11
827
865
116
328
840
973
471
566
38
371
874
184
576
636
136
102
888
933
702
977
151
1000
295
241
699
790
56
580
226
868
261
98
175
891
603
255
923
524
999
393
237
171
279
699
853
107
472
114
557
99
456
717
553
544
453
122
889
611
421
302
476
108
687
941
183
383
346
196
151
14
205
322
259
959
583
854
294
472
208
221
963
288
359
739
625
935
197
556
569
592
265
243
782
46
430
307
973
246
915
636
789
916
169
73
368
368
618
183
554
953
95
288
242
442
395
281
374
341
215
209
244
790
149
771
695
753
233
621
231
535
708
34
820
628
419
717
3
572
744
656
314
472
639
995
705
891
380
552
601
859
643
95
986
500
304
294
488
230
824
891
589
314
959
117
557
176
699
216
709
294
225
815
509
572
791
446
304
203
498
32
594
279
833
119
346
634
721
651
296
868
147
13
320
424
499
116
567
584
969
648
205
99
621
868
404
30
951
329
865
793
461
401
664
787
353
537
212
649
762
955
976
523
594
3
103
551
991
696
443
267
870
213
620
565
325
529
215
781
271
452
153
853
118
379
916
799
451
725
186
8
386
823
639
980
5
692
260
930
701
561
264
569
560
465
954
347
327
549
485
457
815
742
811
887
147
885
245
122
896
411
201
23
617
68
958
181
972
874
748
334
188
383
439
298
112
75
614
645
452
647
247
314
399
16
117
712
525
344
268
260
830
210
604
318
79
549
628
536
231
619
937
621
380
874
632
655
815
834
184
740
125
744
324
377
751
442
759
455
365
452
928
877
455
91
449
294
460
89
602
845
806
424
835
190
37
409
762
767
707
655
586
919
832
568
565
525
352
540
834
20
73
873
426
102
345
678
360
662
816
247
856
603
633
368
858
450
983
942
542
226
974
802
217
550
895
279
841
334
896
950
846
392
659
239
682
686
366
411
138
447
267
856
621
2
633
653
828
191
178
87
707
785
318
195
48
82
233
844
281
845
760
199
402
98
730
221
479
381
524
850
759
216
533
180
226
394
404
365
444
216
878
269
482
355
125
569
988
970
365
664
804
257
305
936
55
210
957
461
321
331
581
210
302
617
398
59
182
292
299
945
576
866
172
343
650
80
994
86
360
750
645
412
587
163
569
394
228
649
614
333
506
841
744
60
792
306
247
996
562
671
351
953
201
335
746
975
788
961
740
952
586
502
952
262
366
385
346
458
754
341
804
950
815
679
668
321
124
556
294
537
997
203
806
69
6
822
121
259
192
997
397
568
34
387
838
590
364
677
106
603
873
529
231
696
595
539
763
30
835
646
125
192
72
417
130
93
551
375
418
332
717
348
444
382
946
340
383
46
830
414
75
420
696
530
895
690
212
279
580
118
868
168
82
746
699
608
770
176
502
51
819
530
476
566
345
497
199
378
35
780
803
741
620
156
511
442
932
21
290
682
959
96
576
795
183
951
45
696
86
591
233
753
342
461
604
668
476
907
619
524
306
146
580
121
628
876
247
440
6
282
478
997
884
131
718
206
970
294
302
529
189
498
992
161
138
468
798
365
965
650
134
418
308
534
249
554
669
300
704
476
453
567
216
862
859
744
392
697
357
769
920
420
873
409
668
36
886
633
705
994
156
959
848
708
217
304
921
665
526
500
625
583
834
940
199
848
301
39
939
805
319
870
672
72
681
956
556
680
868
770
70
889
74
650
967
123
810
554
196
237
967
899
627
336
147
739
147
752
840
776
505
913
431
62
521
654
69
122
130
176
963
200
124
244
725
122
646
934
229
882
467
54
440
579
965
624
921
34
574
1000
861
834
714
717
335
313
289
493
245
781
427
681
883
747
124
483
334
201
443
725
147
858
686
756
609
434
72
877
517
99
478
479
429
447
758
921
38
326
288
613
97
923
737
437
940
434
350
957
574
61
255
625
605
856
292
216
123
17
20
841
429
12
419
701
54
197
307
78
612
311
319
430
498
893
684
691
974
95
105
410
795
231
689
73
473
917
750
697
76
1000
752
804
683
53
214
947
1
325
140
515
729
978
510
593
766
154
300
772
497
224
718
50
639
591
458
821
225
352
779
927
13
638
620
364
669
240
702
352
447
655
671
409
893
240
476
373
206
292
791
319
781
126
308
14
120
445
217
398
396
747
428
795
694
845
922
435
381
860
748
516
551
130
492
406
673
281
626
42
267
9
704
748
234
305
484
596
776
912
727
411
353
116
465
348
96
347
55
241
338
936
240
968
456
352
69
309
3
21
391
961
451
363
61
555
561
537
413
791
589
234
923
548
66
284
217
867
177
297
62
12
196
229
89
395
988
967
39
923
884
116
228
257
408
295
223
781
600
565
752
748
993
305
382
738
102
507
500
22
811
199
157
598
442
467
1000
181
186
816
917
834
917
493
80
682
768
872
725
9
720
407
717
85
635
606
552
756
325
81
692
415
852
373
428
622
630
650
396
406
74
787
388
241
532
281
220
685
613
741
743
671
658
277
11
809
379
737
592
922
735
270
422
341
910
330
908
485
679
513
30
775
588
192
247
352
995
880
408
409
237
205
863
208
516
664
131
393
305
417
998
868
860
73
349
25
968
167
501
201
573
66
910
991
184
694
996
688
168
658
195
158
690
153
307
371
160
792
364
468
173
488
444
771
364
995
382
850
298
333
214
29
360
979
67
383
230
543
243
848
213
255
621
165
395
130
939
224
588
620
719
826
495
908
7
118
975
44
996
896
83
393
535
838
225
733
789
742
78
641
5
976
424
278
55
589
64
493
800
912
634
381
531
491
463
758
642
942
21
964
917
940
493
342
290
278
646
543
925
20
296
477
938
992
395
72
353
54
89
29
33
354
729
508
393
880
21
470
707
353
127
699
129
148
911
451
244
772
472
595
43
865
900
963
105
665
853
21
627
808
78
336
496
246
833
935
385
336
258
364
738
241
51
1000
178
155
169
647
272
360
848
343
38
86
123
826
211
771
286
941
83
332
319
672
610
668
810
334
682
900
780
343
376
574
618
821
93
750
316
515
652
323
284
677
63
418
411
148
903
700
854
920
116
265
620
875
281
173
820
187
180
770
876
968
669
326
485
616
700
655
614
455
376
556
125
59
758
829
661
199
398
86
477
781
444
640
469
674
517
928
855
101
32
612
819
152
608
91
906
578
79
285
8
987
237
963
548
154
857
144
986
532
392
408
211
854
812
488
35
684
198
878
43
27
486
250
327
156
290
237
435
170
870
216
426
519
971
529
792
825
51
418
480
891
148
922
176
201
451
465
4
339
682
510
272
582
741
666
570
135
450
674
527
58
200
721
549
578
489
13
232
282
818
99
153
67
642
965
92
623
153
691
745
725
900
392
334
958
558
542
699
360
769
628
165
408
989
999
431
45
576
23
774
859
199
100
764
46
491
184
743
655
968
447
75
284
954
404
317
10
953
253
313
686
30
403
703
893
182
410
417
153
887
712
689
237
721
492
289
626
415
236
282
339
965
940
792
805
125
435
910
868
501
336
230
626
426
309
556
689
211
779
764
555
791
239
849
760
937
275
615
960
77
623
155
217
243
306
914
507
564
220
399
162
498
254
713
276
325
508
740
172
603
89
711
958
223
612
190
812
190
146
152
624
550
627
180
803
688
914
367
653
63
39
369
493
801
935
10
388
966
703
103
758
71
484
713
721
600
151
480
744
81
959
219
778
241
376
3
111
908
218
137
162
824
717
5
501
522
164
817
298
998
607
325
62
422
573
140
323
674
953
319
646
1
269
888
701
503
236
338
661
608
677
47
75
453
389
626
258
564
491
46
461
708
314
686
973
953
123
647
829
372
425
675
644
599
785
143
794
96
193
263
175
212
136
745
17
966
503
311
340
88
95
57
990
793
162
762
347
751
598
802
727
31
56
580
67
547
685
488
810
651
239
156
643
935
909
255
33
716
284
278
362
277
77
426
45
356
335
801
312
161
623
389
321
626
108
898
979
308
536
107
387
209
212
760
331
250
467
353
454
302
571
574
141
108
7
945
210
606
24
276
732
319
516
640
802
238
159
93
947
835
370
865
517
449
730
651
701
956
211
31
334
126
676
311
229
45
844
623
189
694
37
329
670
848
760
539
484
426
329
926
813
407
612
912
82
228
720
4
954
574
700
961
243
297
527
432
450
879
780
914
733
413
190
402
1000
933
528
518
29
855
817
59
847
257
381
777
312
273
887
525
561
648
726
567
939
801
597
19
596
122
864
259
556
195
612
533
24
781
926
921
222
829
599
454
130
480
494
509
560
953
550
53
732
513
473
953
767
798
901
679
962
79
143
11
184
879
742
596
87
89
985
380
735
291
499
133
174
589
925
834
299
579
805
260
641
529
54
439
190
552
1000
620
581
78
57
808
498
178
332
293
732
112
433
671
591
897
349
258
530
960
348
234
350
800
756
651
505
82
508
562
26
501
533
419
990
238
207
668
33
747
911
162
777
363
623
323
936
873
62
284
952
456
594
331
660
976
892
560
972
809
107
304
513
496
684
946
458
936
192
358
911
347
622
337
540
145
906
310
264
384
94
266
230
965
192
271
827
802
708
156
962
913
980
402
173
255
181
442
996
804
468
629
906
146
313
556
774
251
26
58
728
9
211
862
357
632
597
877
269
687
245
439
666
311
718
505
483
674
65
211
115
265
724
915
380
487
752
82
807
265
656
973
528
426
727
791
597
161
425
957
288
374
157
10
710
486
841
475
974
523
687
158
294
535
39
863
578
586
180
83
631
562
163
681
824
259
265
373
414
744
989
999
309
320
574
67
524
708
566
930
829
975
711
249
518
87
189
337
335
836
916
255
278
775
843
484
55
5
530
760
79
131
296
475
875
548
240
340
205
201
500
165
815
617
578
822
811
649
878
881
138
965
593
430
747
791
385
904
854
567
465
936
298
565
746
73
652
331
673
459
425
54
715
924
589
438
807
507
93
740
507
327
594
180
386
736
311
59
476
444
902
491
630
717
45
844
203
161
886
509
475
354
287
307
444
934
696
537
462
306
627
905
635
115
361
26
551
669
442
515
660
824
300
958
129
519
33
256
692
859
250
97
253
552
401
791
614
909
493
184
152
818
575
711
983
741
821
222
584
790
652
654
714
676
971
99
843
590
710
115
164
967
232
519
232
644
645
899
313
936
767
827
332
170
671
751
501
613
870
897
134
257
653
460
572
384
490
143
731
243
795
290
268
269
440
73
643
360
100
742
557
927
116
19
698
628
852
873
536
588
830
283
552
295
660
710
101
780
552
733
529
924
442
912
578
461
906
996
30
187
118
761
595
170
798
720
794
519
790
716
125
272
140
91
574
729
162
204
858
680
438
915
590
611
841
594
832
528
709
635
18
285
19
348
762
937
651
297
709
539
660
176
238
954
823
833
713
981
79
533
797
580
84
377
737
646
689
283
694
596
586
740
6
342
162
990
163
717
404
295
610
912
144
711
234
139
792
734
256
309
139
242
101
960
10
448
178
207
882
177
58
547
625
471
706
646
340
895
524
980
904
593
906
230
656
262
473
313
847
658
339
263
38
738
578
213
856
864
362
300
820
964
678
939
34
397
910
317
618
832
271
111
121
16
620
453
581
568
172
646
604
341
875
533
672
150
269
17
149
536
584
535
406
661
538
86
909
726
419
75
561
593
524
479
605
260
320
70
575
850
546
288
334
461
855
102
744
398
605
197
770
481
684
583
281
4
780
443
929
537
880
705
708
457
562
202
566
964
118
935
262
431
203
73
431
37
47
857
927
657
482
330
488
890
279
947
589
824
478
753
895
86
717
357
330
497
593
778
329
104
903
737
305
813
911
584
101
563
300
912
93
895
421
438
884
828
832
269
210
138
399
674
32
39
435
248
738
809
521
989
273
602
178
765
34
596
903
853
513
103
237
586
922
106
173
763
737
534
351
948
992
289
472
845
841
698
313
427
677
280
410
533
501
247
455
833
351
869
338
592
347
666
330
191
61
767
418
224
638
889
852
56
55
414
552
354
485
471
943
772
163
54
789
88
628
10
559
663
825
744
537
497
474
132
827
175
128
689
461
492
530
413
736
657
254
600
191
737
779
479
998
533
484
532
810
552
463
728
393
805
831
124
515
16
352
324
753
50
9
166
373
689
782
33
642
719
414
32
637
282
354
481
925
20
360
906
87
268
631
420
869
573
715
170
448
205
323
171
515
696
329
518
82
382
578
318
291
275
399
382
995
189
963
574
252
611
782
159
702
28
177
204
284
718
19
833
976
944
316
8
994
522
680
626
212
355
526
243
714
955
273
113
904
410
14
102
516
817
247
532
590
376
432
376
637
751
865
554
132
257
683
580
916
302
694
322
84
376
513
193
487
456
371
410
325
578
731
208
868
678
219
752
152
768
683
409
544
554
803
333
411
152
55
271
555
949
202
301
945
661
389
655
730
306
231
552
753
307
761
749
468
137
666
644
251
412
801
879
934
70
121
425
702
318
26
872
495
368
541
443
972
106
48
830
644
402
427
308
772
430
802
220
557
668
60
983
375
196
475
537
509
379
917
110
355
961
2
48
630
597
551
958
268
591
43
22
204
702
504
469
198
692
972
222
917
342
72
874
476
760
353
8
288
321
181
462
884
435
512
174
634
278
40
75
97
980
278
174
234
1000
510
852
776
355
744
67
646
600
184
677
667
889
363
323
596
640
483
38
497
610
204
426
259
113
88
285
419
818
544
174
799
687
693
297
641
133
710
938
384
408
74
239
755
885
856
459
307
144
357
961
560
40
614
230
799
872
743
330
659
631
219
16
346
986
876
667
161
648
45
891
314
871
159
737
708
501
537
192
604
705
540
836
371
955
861
112
96
226
556
282
96
628
797
865
795
955
780
618
96
814
351
927
468
157
359
602
959
706
463
313
215
796
575
834
922
877
723
704
69
606
816
166
242
2
199
532
682
713
702
296
903
686
42
150
654
34
97
755
331
378
576
414
717
255
440
377
899
237
790
887
183
582
315
870
306
159
625
230
320
516
367
634
198
72
423
839
225
103
766
211
344
919
172
801
925
683
917
913
384
915
311
341
213
17
581
697
351
189
699
282
332
915
10
595
59
459
686
683
844
258
263
171
215
407
437
879
735
353
455
380
384
543
654
225
943
911
877
816
209
931
164
486
655
832
902
929
728
89
607
474
255
533
986
931
551
676
137
235
892
831
310
575
140
433
770
267
542
560
205
882
569
904
349
210
768
483
746
108
372
881
849
715
979
558
71
42
424
701
930
858
611
751
706
716
515
113
269
677
416
628
835
808
582
614
471
768
695
682
519
701
320
971
662
14
79
727
624
545
67
210
358
847
492
112
603
883
69
327
341
996
823
307
8
297
96
244
863
341
308
614
165
460
362
944
716
620
235
335
788
39
406
379
781
240
144
745
696
876
58
35
67
715
27
462
932
78
119
962
216
60
488
759
900
768
989
134
500
725
600
741
138
381
532
136
217
717
486
316
722
517
899
413
647
656
371
947
622
671
52
152
105
386
194
197
676
425
542
558
158
856
173
907
59
986
226
553
801
831
750
320
81
193
703
317
865
123
279
291
296
83
62
646
457
962
163
609
180
97
367
680
649
22
34
320
599
223
434
222
252
542
713
85
213
774
510
588
928
757
951
783
904
347
406
492
553
370
745
969
605
398
967
949
359
30
271
140
149
555
795
647
947
753
997
771
830
157
753
48
861
374
132
613
903
822
571
186
329
762
766
391
575
504
238
27
254
937
53
823
231
935
646
316
846
937
701
674
307
797
863
667
577
429
645
271
253
53
973
977
73
235
666
49
58
616
77
28
191
134
91
121
707
339
713
933
29
277
302
82
829
406
896
699
105
787
90
75
114
447
956
255
425
525
427
185
686
957
3
278
610
654
410
690
106
766
422
419
231
830
58
723
548
418
837
314
64
183
684
715
453
133
25
165
144
775
811
637
362
240
464
555
838
241
577
714
996
9
893
140
773
60
1000
85
120
127
133
894
261
298
346
174
440
262
611
836
111
538
425
383
728
273
141
849
93
206
472
514
681
347
404
913
328
70
8
24
401
549
160
809
551
147
916
571
977
780
610
306
863
701
886
390
158
47
105
906
173
574
287
472
201
621
165
539
990
372
739
229
287
725
687
106
911
459
938
788
473
420
311
369
981
865
657
298
301
651
588
613
999
8
759
805
795
926
80
32
903
120
928
450
409
719
945
817
741
834
573
376
840
872
465
727
708
37
978
275
4
660
286
842
147
277
935
562
280
615
211
90
869
103
855
577
368
154
326
190
489
511
756
415
957
920
216
606
171
562
402
857
389
675
824
217
241
324
407
389
672
368
320
392
806
60
577
792
268
374
918
153
27
371
504
353
978
603
173
141
313
960
791
412
542
88
753
506
96
270
80
768
187
816
95
834
756
292
997
113
717
284
738
618
810
469
376
702
21
450
871
219
967
694
555
372
824
546
18
765
345
107
937
241
848
920
150
759
341
354
563
922
58
44
961
713
415
270
708
806
711
317
238
642
621
797
182
537
563
489
794
426
741
698
434
490
417
895
263
729
841
596
500
669
605
606
460
246
306
573
684
610
408
779
666
729
579
12
167
3
591
846
417
441
690
620
948
954
84
213
905
983
122
82
879
633
708
409
802
545
763
891
265
424
439
740
476
944
32
956
86
3
244
105
151
442
184
16
325
745
850
676
13
49
703
749
780
694
920
453
179
82
258
375
490
321
942
825
147
271
526
652
595
63
57
777
189
814
337
279
728
503
683
266
377
831
687
709
900
796
297
995
783
314
78
282
175
510
483
218
624
374
491
765
127
312
839
863
650
619
379
600
162
236
287
831
792
985
299
177
406
251
166
83
431
679
401
812
449
797
903
358
474
133
480
599
657
711
902
155
582
370
664
116
413
248
869
172
439
152
883
314
850
435
521
252
402
66
985
36
751
288
778
710
265
413
629
865
473
818
294
235
962
796
430
138
808
211
375
417
432
114
439
151
792
324
696
599
904
812
247
203
601
685
652
529
421
988
729
451
712
259
31
946
229
144
733
315
756
629
715
949
810
944
14
129
873
958
692
707
538
236
722
200
528
294
340
560
367
387
926
350
749
257
632
150
215
269
287
239
439
606
610
409
845
859
81
328
508
977
549
489
367
337
764
20
371
482
164
875
150
587
714
730
576
867
355
968
913
85
154
909
123
774
443
460
898
593
697
467
961
853
507
40
151
333
915
366
50
984
642
497
282
10
478
631
658
747
494
79
314
415
288
662
616
437
640
327
96
28
804
210
737
427
77
89
274
191
1
47
30
